#r   U_mean  k   eps
187
0.0000000000000000E+00   1.3071157760601866E+00   3.6549875626362949E-03   4.7912408118980920E-04
1.0645109478833792E-02   1.3068766172769839E+00   3.6640162553646608E-03   4.8134102397637773E-04
2.1063892792516081E-02   1.3061834203674307E+00   3.6902209293614599E-03   4.8380516179186308E-04
3.1261168618286317E-02   1.3050747075884999E+00   3.7322669362445243E-03   4.8873301319342539E-04
4.1241653186384120E-02   1.3035878112393371E+00   3.7890238149044003E-03   4.9572674260178881E-04
5.1009962461301572E-02   1.3017574295997998E+00   3.8592272559095082E-03   5.0489749650202171E-04
6.0570614276662105E-02   1.2996141378311696E+00   3.9416671635248866E-03   5.1525519266432324E-04
6.9928030424714571E-02   1.2971824014603068E+00   4.0350237108046907E-03   5.2712596416574413E-04
7.9086538701407028E-02   1.2944827829173211E+00   4.1374847753611662E-03   5.4006856008440962E-04
8.8050374907989115E-02   1.2915361554413567E+00   4.2472886244742849E-03   5.5482427818572553E-04
9.6823684810065813E-02   1.2883642965116424E+00   4.3632765706548213E-03   5.7108417874113552E-04
1.0541052605500972E-01   1.2849900420104803E+00   4.4846078541001385E-03   5.8866652741751456E-04
1.1381487004861934E-01   1.2814368568966574E+00   4.6103006311445502E-03   6.0773220762642196E-04
1.2204060379189041E-01   1.2777273867818022E+00   4.7395697009086210E-03   6.2753824614608645E-04
1.3009153167874987E-01   1.2738822849574709E+00   4.8717869456723559E-03   6.4831018671293692E-04
1.3797137725558456E-01   1.2699198669540341E+00   5.0064211748726125E-03   6.6990300800878213E-04
1.4568378494337819E-01   1.2658557218719861E+00   5.1432640318880606E-03   6.9288034205895071E-04
1.5323232172325185E-01   1.2617038732384518E+00   5.2823580250813962E-03   7.1678361864602950E-04
1.6062047878618985E-01   1.2574777238341972E+00   5.4235357747717382E-03   7.4146078474189960E-04
1.6785167314771210E-01   1.2531896080776170E+00   5.5662576575968214E-03   7.6754777698529006E-04
1.7492924922824005E-01   1.2488502372455450E+00   5.7100115998758878E-03   7.9446555979654761E-04
1.8185648039988861E-01   1.2444686589644074E+00   5.8546983754789068E-03   8.2255379400214047E-04
1.8863657050039717E-01   1.2400525992934326E+00   6.0001306475305589E-03   8.5094927686594709E-04
1.9527265531490157E-01   1.2356095379069312E+00   6.1461482940418088E-03   8.8006022922848418E-04
2.0176780402623157E-01   1.2311466217101874E+00   6.2927953711537843E-03   9.1045055881048523E-04
2.0812502063440513E-01   1.2266703616206687E+00   6.4403249721446650E-03   9.4171573075901448E-04
2.1434724534597560E-01   1.2221868251075823E+00   6.5889251551592603E-03   9.7346973492696155E-04
2.2043735593387404E-01   1.2177018117395497E+00   6.7384958554808499E-03   1.0062492181746813E-03
2.2639816906837684E-01   1.2132207118858518E+00   6.8886861476263805E-03   1.0405569962734804E-03
2.3223244161981271E-01   1.2087483530379288E+00   7.0391683143731006E-03   1.0751163318522422E-03
2.3794287193361296E-01   1.2042890919928455E+00   7.1898372391799850E-03   1.1106009391824800E-03
2.4353210107829282E-01   1.1998463781431965E+00   7.3404101051426232E-03   1.1461830453804737E-03
2.4900271406694408E-01   1.1954236204705448E+00   7.4906955782824839E-03   1.1817378248512222E-03
2.5435724105280066E-01   1.1910234918163738E+00   7.6405162505897460E-03   1.2185026219466736E-03
2.5959815849943185E-01   1.1866478194480223E+00   7.7898589697496983E-03   1.2567335101573303E-03
2.6472789032610489E-01   1.1822977496453126E+00   7.9387974683604017E-03   1.2959616880134509E-03
2.6974880902884474E-01   1.1779737988882177E+00   8.0873685110968742E-03   1.3359412166332716E-03
2.7466323677771148E-01   1.1736759923517199E+00   8.2355123265425018E-03   1.3769764910536435E-03
2.7947344649080164E-01   1.1694042127074269E+00   8.3830834712894826E-03   1.4198960604991915E-03
2.8418166288547086E-01   1.1651584401157795E+00   8.5299641554168228E-03   1.4650205834247181E-03
2.8879006350726311E-01   1.1609387685557904E+00   8.6763136143709809E-03   1.5103335990299933E-03
2.9330077973702362E-01   1.1567454000333444E+00   8.8225142741314710E-03   1.5571971763720990E-03
2.9771589777666063E-01   1.1525779709463928E+00   8.9687295345637734E-03   1.6045637965802454E-03
3.0203745961401152E-01   1.1484360020730877E+00   9.1150051771805955E-03   1.6503900807335234E-03
3.0626746396726012E-01   1.1443190868774400E+00   9.2611848590942302E-03   1.6969858172725849E-03
3.1040786720934249E-01   1.1402265357408097E+00   9.4071900712592200E-03   1.7453767277177050E-03
3.1446058427276691E-01   1.1361572852167032E+00   9.5531199241030759E-03   1.7961477579808134E-03
3.1842748953526845E-01   1.1321100047193331E+00   9.6992160198617113E-03   1.8492211466309258E-03
3.2231041768670732E-01   1.1280831946337797E+00   9.8457928878681357E-03   1.9037901673173254E-03
3.2611116457761041E-01   1.1240751508746005E+00   9.9931400375926679E-03   1.9594824538070221E-03
3.2983148804975115E-01   1.1200839210806255E+00   1.0141463875368824E-02   2.0164751367617792E-03
3.3347310874914909E-01   1.1161072919182189E+00   1.0290872539862753E-02   2.0750816116949984E-03
3.3703771092186752E-01   1.1121428038249115E+00   1.0441354624404377E-02   2.1361747188403928E-03
3.4052694319297505E-01   1.1081877398773872E+00   1.0592841724316088E-02   2.2001603314331705E-03
3.4394241932903369E-01   1.1042391696608305E+00   1.0745254163426730E-02   2.2676522327328328E-03
3.4728571898446398E-01   1.1002940222354023E+00   1.0898645216193756E-02   2.3376327084788703E-03
3.5055838843213383E-01   1.0963491260894971E+00   1.1053339801185915E-02   2.4078679888806702E-03
3.5376194127850802E-01   1.0924014913460969E+00   1.1209617904252931E-02   2.4746886727145395E-03
3.5689785916368999E-01   1.0884474744502044E+00   1.1367515595730271E-02   2.5465078505252079E-03
3.5996759244667886E-01   1.0844836739371437E+00   1.1527111835548599E-02   2.6176146382914916E-03
3.6297256087615870E-01   1.0805070106289094E+00   1.1688316912831060E-02   2.6893039293939399E-03
3.6591415424713158E-01   1.0765142523573918E+00   1.1851020929519732E-02   2.7632837237740386E-03
3.6879373304369611E-01   1.0725020352428194E+00   1.2015190098033889E-02   2.8391571764955184E-03
3.7161262906826986E-01   1.0684669034804231E+00   1.2180861041904190E-02   2.9182100628186891E-03
3.7437214605754687E-01   1.0644052898326481E+00   1.2348157011910953E-02   2.9994563277006103E-03
3.7707356028547478E-01   1.0603135929416438E+00   1.2517246545853162E-02   3.0818356061287247E-03
3.7971812115352988E-01   1.0561881947607983E+00   1.2688230573748795E-02   3.1657709811530607E-03
3.8230705176856439E-01   1.0520254257126280E+00   1.2861219534550057E-02   3.2502883472011251E-03
3.8484154950849225E-01   1.0478216021445050E+00   1.3036229182679047E-02   3.3361237525841221E-03
3.8732278657607494E-01   1.0435730426203205E+00   1.3213176661787323E-02   3.4240145242862216E-03
3.8975191054106451E-01   1.0392760747304410E+00   1.3391953723416441E-02   3.5145289254125784E-03
3.9213004487095315E-01   1.0349270404948705E+00   1.3572393652692269E-02   3.6080054543169075E-03
3.9445828945057604E-01   1.0305223023728300E+00   1.3754282018585940E-02   3.7046933181163074E-03
3.9673772109080696E-01   1.0260582836704595E+00   1.3937546726101214E-02   3.8019839799120696E-03
3.9896939402658227E-01   1.0215314403595943E+00   1.4122259198137531E-02   3.8962052436151561E-03
4.0115434040448344E-01   1.0169383094024920E+00   1.4308528127852709E-02   3.9878267647773394E-03
4.0329357076010419E-01   1.0122751637821314E+00   1.4496064123756447E-02   4.0854548050928046E-03
4.0538807448542180E-01   1.0075382664880079E+00   1.4684787684484913E-02   4.1833395857522717E-03
4.0743882028639034E-01   1.0027240597332927E+00   1.4874556929260596E-02   4.2795281760067538E-03
4.0944675663096580E-01   9.9782912553631253E-01   1.5065137813005619E-02   4.3744212649339106E-03
4.1141281218777204E-01   9.9285011344664564E-01   1.5256226882494105E-02   4.4691716160887539E-03
4.1333789625560891E-01   9.8778373940162445E-01   1.5447516260630512E-02   4.5644587220508735E-03
4.1522289918400207E-01   9.8262678442744567E-01   1.5638708707621400E-02   4.6605140625260730E-03
4.1706869278498893E-01   9.7737608642764406E-01   1.5829522505736819E-02   4.7570864323679104E-03
4.1887613073633057E-01   9.7202853085469687E-01   1.6019680901364009E-02   4.8536467260353738E-03
4.2064604897633734E-01   9.6658104659997091E-01   1.6208895040464188E-02   4.9496085922554256E-03
4.2237926609048904E-01   9.6103062311267318E-01   1.6396855572068506E-02   5.0445507039649099E-03
4.2407658369003021E-01   9.5537431533001382E-01   1.6583211029829556E-02   5.1378241701610415E-03
4.2573878678271448E-01   9.4960925365362325E-01   1.6767556161328214E-02   5.2293243979387232E-03
4.2736664413587011E-01   9.4373264321003481E-01   1.6949449734865160E-02   5.3195983668002855E-03
4.2896090863195357E-01   9.3774177664793801E-01   1.7128400283206658E-02   5.4084218790222040E-03
4.3052231761675758E-01   9.3163402874604739E-01   1.7303872766975384E-02   5.4966434605408501E-03
4.3205159324043246E-01   9.2540689280436672E-01   1.7475318895124936E-02   5.5844816593875642E-03
4.3354944279148006E-01   9.1905797099451003E-01   1.7642161901718495E-02   5.6723592037796408E-03
4.3501655902387387E-01   9.1258500928356145E-01   1.7803844885385875E-02   5.7598625768304143E-03
4.3645362047745706E-01   9.0598589716059308E-01   1.7959817858786534E-02   5.8461549142053816E-03
4.3786129179176680E-01   8.9925869237553369E-01   1.8109580443844298E-02   5.9292857720449274E-03
4.3924022401342894E-01   8.9240162543686385E-01   1.8252690287209761E-02   6.0062395234735519E-03
4.4059105489726680E-01   8.8541308881054748E-01   1.8388766251685333E-02   6.0753632484983012E-03
4.4191440920126196E-01   8.7829138784685012E-01   1.8517193225401456E-02   6.1479914924624105E-03
4.4321089897550447E-01   8.7103537408891341E-01   1.8637439426171631E-02   6.2184810052200853E-03
4.4448112384526506E-01   8.6364377332767783E-01   1.8748994342020237E-02   6.2858645082500605E-03
4.4572567128832163E-01   8.5611543617913144E-01   1.8851324027932239E-02   6.3510985546819439E-03
4.4694511690666694E-01   8.4844947893323086E-01   1.8943895880884836E-02   6.4128730604746985E-03
4.4814002469272385E-01   8.4064525799080925E-01   1.9026189772082831E-02   6.4704945861808905E-03
4.4931094729019172E-01   8.3270237479784270E-01   1.9097686073846813E-02   6.5246535966470695E-03
4.5045842624964311E-01   8.2462069008159222E-01   1.9157876711027356E-02   6.5752453514854340E-03
4.5158299227899062E-01   8.1640030161264032E-01   1.9206271151336496E-02   6.6233292798534259E-03
4.5268516548893883E-01   8.0804153714976867E-01   1.9242400433099476E-02   6.6683382846053482E-03
4.5376545563353493E-01   7.9954494139666066E-01   1.9265815192575947E-02   6.7101739846365136E-03
4.5482436234592938E-01   7.9091127511042070E-01   1.9276086535750206E-02   6.7484384432794737E-03
4.5586237536945595E-01   7.8214153773556705E-01   1.9272813652701636E-02   6.7834820188564134E-03
4.5687997478413750E-01   7.7323696503504047E-01   1.9255617037219331E-02   6.8142500179870008E-03
4.5787763122872227E-01   7.6419903234576370E-01   1.9224140518195688E-02   6.8415375736270113E-03
4.5885580611835430E-01   7.5502948253200985E-01   1.9178059625579180E-02   6.8644113566856697E-03
4.5981495185797711E-01   7.4573031113633315E-01   1.9117069388058024E-02   6.8829198794616384E-03
4.6075551205157067E-01   7.3630379389147582E-01   1.9040902395483887E-02   6.8973630294657329E-03
4.6167792170731786E-01   7.2675247325109282E-01   1.8949313512647194E-02   6.9076753343642371E-03
4.6258260743879531E-01   7.1707917293200085E-01   1.8842097862427406E-02   6.9140950905556258E-03
4.6346998766228181E-01   7.0728698854822192E-01   1.8719084275340123E-02   6.9172491973611347E-03
4.6434047279027524E-01   6.9737928501774826E-01   1.8580140979109427E-02   6.9170600271951429E-03
4.6519446542130827E-01   6.8735968909366041E-01   1.8425182745460893E-02   6.9139763063846109E-03
4.6603236052614949E-01   6.7723207703076038E-01   1.8254171040016136E-02   6.9082868360541491E-03
4.6685454563047729E-01   6.6700056220804649E-01   1.8067119025590387E-02   6.9002192335505192E-03
4.6766140099410974E-01   6.5666948031009076E-01   1.7864096137668622E-02   6.8899046211017079E-03
4.6845329978687483E-01   6.4624337234666718E-01   1.7645232580835949E-02   6.8772781034972218E-03
4.6923060826120089E-01   6.3572696581829180E-01   1.7410723715107424E-02   6.8621520024989948E-03
4.6999368592150792E-01   6.2512515438901040E-01   1.7160834300973839E-02   6.8440660622253926E-03
4.7074288569047829E-01   6.1444297639717116E-01   1.6895902567154494E-02   6.8223102835377513E-03
4.7147855407228301E-01   6.0368559255538135E-01   1.6616344066925668E-02   6.7958772025307531E-03
4.7220103131283941E-01   5.9285828877869329E-01   1.6322640820412168E-02   6.7697715715688295E-03
4.7291065155717488E-01   5.8196643427662309E-01   1.6015173309060070E-02   6.7454663021514700E-03
4.7360774300396835E-01   5.7101541910333287E-01   1.5694433645864047E-02   6.7210277345624613E-03
4.7429262805734207E-01   5.6001085387520888E-01   1.5361039631075254E-02   6.6966747654397633E-03
4.7496562347597293E-01   5.4895840986407052E-01   1.5015659237638482E-02   6.6755781572480737E-03
4.7562704051959337E-01   5.3786375849076362E-01   1.4658991061113475E-02   6.6551420083070904E-03
4.7627718509294847E-01   5.2673253933908959E-01   1.4291778191171665E-02   6.6366447135608698E-03
4.7691635788727677E-01   5.1557035340992596E-01   1.3914803284323957E-02   6.6205325655411167E-03
4.7754485451937939E-01   5.0438274235558700E-01   1.3528878193554736E-02   6.6068154230110015E-03
4.7816296566834293E-01   4.9317517093583874E-01   1.3134849707071834E-02   6.5966421121506254E-03
4.7877097720997791E-01   4.8195301592207745E-01   1.2733598794836633E-02   6.5899622166870663E-03
4.7936917034903631E-01   4.7072155322679582E-01   1.2326037446386903E-02   6.5871574158954506E-03
4.7995782174926821E-01   4.5948593906947560E-01   1.1913103773186929E-02   6.5884657404446387E-03
4.8053720366137886E-01   4.4825119856789897E-01   1.1495763058967922E-02   6.5945303601178612E-03
4.8110758404894410E-01   4.3702220532121278E-01   1.1074993927884216E-02   6.6052068108980412E-03
4.8166922671234336E-01   4.2580365900158401E-01   1.0651785264881999E-02   6.6210988088460619E-03
4.8222239141076706E-01   4.1460008640822354E-01   1.0227133209379730E-02   6.6419892207039109E-03
4.8276733398235500E-01   4.0341579347868073E-01   9.8020258368321754E-03   6.6679180223486092E-03
4.8330430646252120E-01   3.9225489618473885E-01   9.3774495912180775E-03   6.6989066946147686E-03
4.8383355720052024E-01   3.8112126009481273E-01   8.9543720077980820E-03   6.7347682741421477E-03
4.8435533097430816E-01   3.7001852770732868E-01   8.5337452162084580E-03   6.7753050208640506E-03
4.8486986910375235E-01   3.5895008384934901E-01   8.1164966972030635E-03   6.8202431257955703E-03
4.8537740956224179E-01   3.4791905500329018E-01   7.7035262539017109E-03   6.8692464235017119E-03
4.8587818708674924E-01   3.3692830234659732E-01   7.2957022566631346E-03   6.9219308234096189E-03
4.8637243328639707E-01   3.2598041651078463E-01   6.8938583725743144E-03   6.9778673636120073E-03
4.8686037674957616E-01   3.1507771383629074E-01   6.4987907609477414E-03   7.0365909238861964E-03
4.8734224314966790E-01   3.0422223406883270E-01   6.1112557021773964E-03   7.0976090699568489E-03
4.8781825534941781E-01   2.9341573950838779E-01   5.7319676178878010E-03   7.1604090004299438E-03
4.8828863350400947E-01   2.8265971516576416E-01   5.3615974367497970E-03   7.2244685013961463E-03
4.8875359516288591E-01   2.7195537011560661E-01   5.0007712548065780E-03   7.2892655149016643E-03
4.8921335537036620E-01   2.6130363985749655E-01   4.6500692400949038E-03   7.3542844425824013E-03
4.8966812676510307E-01   2.5070518921888701E-01   4.3100247316066572E-03   7.4190293299782007E-03
4.9011811967842822E-01   2.4016041623471177E-01   3.9811234804165195E-03   7.4830285400930389E-03
4.9056354223163029E-01   2.2966945593869981E-01   3.6638029879621095E-03   7.5458359474131426E-03
4.9100460043221084E-01   2.1923218505908035E-01   3.3584518879606748E-03   7.6070716369068475E-03
4.9144149826916239E-01   2.0884822654975102E-01   3.0654093300761416E-03   7.6663936660052367E-03
4.9187443780731338E-01   1.9851695428161609E-01   2.7849643165938666E-03   7.7235269785208239E-03
4.9230361928078292E-01   1.8823749761711348E-01   2.5173549476164088E-03   7.7782688481341060E-03
4.9272924118558875E-01   1.7800874758957735E-01   2.2627697302962202E-03   7.8313154333526994E-03
4.9315150037145161E-01   1.6782937594914643E-01   2.0213943580273471E-03   7.8833031928391539E-03
4.9357059213283788E-01   1.5769772612467192E-01   1.7933617753812135E-03   7.9332236978964746E-03
4.9398671029928320E-01   1.4761194834640592E-01   1.5787715491049203E-03   7.9816001939174430E-03
4.9440004732503851E-01   1.3757001401239236E-01   1.3776952059938560E-03   8.0289062219349103E-03
4.9481079437807968E-01   1.2756969395453513E-01   1.1901817949336844E-03   8.0756382427741094E-03
4.9521914142852291E-01   1.1760855839787163E-01   1.0162631693788995E-03   8.1224447289821814E-03
4.9562527733648531E-01   1.0768398908566502E-01   8.5595824046103301E-04   8.1700743466615426E-03
4.9602938993943285E-01   9.7793164305196481E-02   7.0927730289630376E-04   8.2193643658117904E-03
4.9643166613905487E-01   8.7933067859465419E-02   5.7622794598854749E-04   8.2712861973524825E-03
4.9683229198770590E-01   7.8100523203518013E-02   4.5682118741542535E-04   8.3269081388852653E-03
4.9723145277445480E-01   6.8292194898260383E-02   3.5107724576521502E-04   8.3874218210242702E-03
4.9762933311078061E-01   5.8504588971434707E-02   2.5903156201348507E-04   8.4541517394269902E-03
4.9802611701595534E-01   4.8734059202943589E-02   1.8074118284974115E-04   8.5285756661552057E-03
4.9842198800215270E-01   3.8976813080040945E-02   1.1629143368077261E-04   8.6123542096671873E-03
4.9881712915932214E-01   2.9228917413238482E-02   6.5802935693244828E-05   8.7073710998933421E-03
4.9921172323986807E-01   1.9486303621659345E-02   2.9439031448131507E-05   8.8157859232415644E-03
4.9960595274317227E-01   9.7447727131326801E-03   7.4136934277055012E-06   8.9401012399682438E-03
5.0009999999999999E-01   5.8911629093499864E-16   1.4424413801431693E-23   9.0832462961477102E-03
